   1.2514110e-01   2.2200360e-01  -1.8623840e+00
  -3.5855207e-01  -1.1025284e+00   2.2756907e+00
   1.1334552e+00   9.6166471e-02   4.2009900e-01
  -2.7425649e-01  -2.6016794e-01  -2.6500672e+00
  -2.9028220e+00  -1.1297662e+00   1.4970128e+00
   2.7485767e+00   1.1396533e+00   1.5228703e+00
  -1.5081826e+00   2.6731156e-02  -1.6279432e+00
  -9.0034433e-01   5.4445074e-01   3.0997640e+00
   6.0975316e-01   5.3021135e-01  -2.4501376e+00
  -1.5005744e+00  -1.3925928e-01   1.4496441e+00
   8.8011410e-01  -9.4480831e-01  -3.0810548e-01
   9.5629828e-01  -8.2702797e-01  -2.9642542e-01
  -6.1346773e-01   7.1285557e-01  -1.2058883e+00
  -1.6218642e+00   8.7643514e-01   1.2602782e+00
  -1.3983938e+00   5.4645720e-01  -1.3136523e+00
  -3.9626303e-01  -1.4143319e+00  -7.8721312e-01
  -1.6178177e+00  -4.0215580e-01  -1.3140633e+00
  -6.4573388e-01   1.0620734e+00   2.2631420e+00
  -6.5223299e-02  -4.1173424e-02   4.0838250e-01
  -1.9875242e+00  -4.7841953e-01   3.0771281e+00
  -1.0558389e+00   8.0858882e-01  -2.9365562e+00
  -2.0782392e+00   5.2070750e-01   9.0708121e-01
  -1.5619152e+00   1.1299953e+00   2.7187491e-01
   2.4856063e+00   1.5779868e-01   2.6105165e+00
  -1.1827785e+00  -3.4993907e-02  -3.5977533e-01
  -2.3125422e+00  -1.0959707e+00   1.5946207e+00
   2.4223013e+00  -2.9230035e-01  -6.5426203e-01
  -1.3315914e+00  -1.2782786e+00   2.1619229e+00
   1.4390764e+00  -5.2280710e-01  -7.3012906e-02
   2.9928980e+00  -6.3697678e-01  -1.7826892e+00
   2.9386639e+00   1.8756951e-01  -1.2289686e+00
  -3.1302872e+00   9.1397914e-01  -1.9476274e+00
  -2.3982421e+00   4.3733581e-01   2.3104956e+00
   6.5542109e-01  -1.1730959e+00   6.1697440e-01
   1.1871033e+00   3.2870740e-02  -3.0944222e+00
  -2.4298557e+00   1.1018406e+00   2.3469988e+00
   3.7908537e-01  -2.9512695e-01  -1.6214587e+00
   1.8732796e+00   2.2740923e-01  -1.2515534e+00
  -9.3557614e-01   6.3264912e-01   1.7661548e+00
   3.0971607e+00  -1.1004365e+00   1.3113298e+00
   2.5941728e+00  -7.4102845e-01  -2.4280343e+00
   1.9472459e+00  -3.6694273e-02   2.2104620e+00
  -2.8011141e+00  -6.7703006e-01  -1.5883901e+00
   6.9517722e-02   2.1968573e-01   1.7419027e+00
   5.9057151e-03  -1.2360687e+00   3.0811816e+00
   7.8939675e-01  -3.4267209e-01  -2.0490527e+00
  -2.1770056e+00   1.5084103e-01   1.5769877e+00
   2.2029329e+00  -2.9049405e-01  -2.2371231e+00
  -3.1038246e+00  -3.3022990e-01  -1.4124821e+00
   2.3777358e-01   6.4828965e-01  -1.6284227e-02
   1.0561151e+00   8.3578782e-01   1.4001674e+00
   2.8894803e+00  -6.9755329e-01   3.1727167e-01
   3.0444066e+00   1.9324382e-01   1.9388069e+00
  -2.9240056e+00   8.8174400e-01  -1.7980151e+00
  -1.6518023e-01  -9.7908770e-02  -3.0549189e+00
  -7.1362659e-01   1.1252937e+00  -1.5773794e+00
   2.0398161e+00  -1.3756674e-01   2.0790211e+00
   2.6758110e+00  -9.4141772e-02  -7.5046259e-01
   2.8080560e+00   5.0257903e-01   1.4930926e+00
  -3.0050275e-01   2.0200785e-02   1.8339310e+00
   1.4977638e+00   7.7315589e-01  -6.8844340e-01
  -4.4035515e-01   1.2625831e+00   1.4639230e-01
  -2.4449745e+00  -6.2572348e-01  -1.1096019e+00
  -9.9208246e-01  -2.5224639e-01  -1.0687448e+00
   1.3271374e-01   6.8702214e-01   1.9908470e-01
   7.8822655e-01   5.8071207e-01  -2.3859594e+00
   4.6882969e-01  -3.1172676e-01  -1.0391170e+00
   1.0835414e+00   8.1521826e-01  -1.8939841e+00
  -1.2674181e+00   9.3342487e-01  -1.8902512e+00
   8.8881303e-03  -6.9595157e-03   2.4498405e+00
   4.6652371e-01  -4.6230187e-01   2.1336553e-01
   1.2740088e+00  -1.7528746e-01  -3.0488298e+00
  -2.7336158e+00   1.3494713e-02  -7.4602711e-01
  -1.8629390e+00  -2.8675381e-01  -1.6697487e+00
  -2.8049699e+00   6.7841421e-01  -6.6957020e-01
  -2.1029971e+00  -2.5257372e-01   1.7278394e+00
  -1.0695259e+00   9.6920810e-01  -1.1359636e+00
  -2.7019384e+00  -6.3295346e-01   1.6789597e+00
  -1.3418002e+00   1.1199253e+00  -2.1475313e+00
   7.5942665e-02   3.8359674e-01  -2.2547222e+00
   1.4583515e+00   4.5855612e-01   2.6945135e+00
  -1.6368220e+00   5.2324783e-01  -5.8232811e-01
   2.1512866e+00   4.1713046e-02  -1.7650890e+00
   1.8464874e+00   3.3192739e-01   1.9869649e+00
   1.1785952e+00  -6.1828979e-02  -1.1967899e+00
   2.0708175e+00   1.3409633e+00   1.6960446e+00
   1.5888550e+00   4.2483399e-01   5.9901638e-01
  -2.7141620e+00  -6.5556393e-03   2.2941961e+00
   2.9516574e-01   1.2142042e+00  -2.5210884e+00
   1.4084776e+00  -1.9529933e-01  -2.4690395e+00
   4.1858946e-01   2.2937064e-01   1.7779416e+00
   2.7899177e+00   6.7210981e-01   4.8239696e-01
   1.8147295e+00   8.3739865e-01   4.7766081e-02
  -1.1153811e+00  -5.3964907e-02   2.0659220e+00
  -2.6839832e+00   1.2606636e+00  -1.3935411e+00
   2.6536285e+00   5.2642688e-01   2.0809195e+00
   2.4033393e-01  -3.5325262e-01   1.9105235e+00
   2.8394123e+00  -7.3476338e-02   2.0153333e+00
  -1.6655063e+00  -1.0111713e+00   1.3111190e+00
   2.0892428e+00  -2.0361288e-01  -1.4569172e+00
