  -1.0200000e-09  -6.1200000e-10  -6.1200000e-10
  -1.0200000e-09  -6.1200000e-10  -2.0400000e-10
  -1.0200000e-09  -6.1200000e-10   2.0400000e-10
  -1.0200000e-09  -6.1200000e-10   6.1200000e-10
  -1.0200000e-09  -2.0400000e-10  -6.1200000e-10
  -1.0200000e-09  -2.0400000e-10  -2.0400000e-10
  -1.0200000e-09  -2.0400000e-10   2.0400000e-10
  -1.0200000e-09  -2.0400000e-10   6.1200000e-10
  -1.0200000e-09   2.0400000e-10  -6.1200000e-10
  -1.0200000e-09   2.0400000e-10  -2.0400000e-10
  -1.0200000e-09   2.0400000e-10   2.0400000e-10
  -1.0200000e-09   2.0400000e-10   6.1200000e-10
  -1.0200000e-09   6.1200000e-10  -6.1200000e-10
  -1.0200000e-09   6.1200000e-10  -2.0400000e-10
  -1.0200000e-09   6.1200000e-10   2.0400000e-10
  -1.0200000e-09   6.1200000e-10   6.1200000e-10
  -6.1200000e-10  -1.0200000e-09  -6.1200000e-10
  -6.1200000e-10  -1.0200000e-09  -2.0400000e-10
  -6.1200000e-10  -1.0200000e-09   2.0400000e-10
  -6.1200000e-10  -1.0200000e-09   6.1200000e-10
  -6.1200000e-10  -6.1200000e-10  -1.0200000e-09
  -6.1200000e-10  -6.1200000e-10  -6.1200000e-10
  -6.1200000e-10  -6.1200000e-10  -2.0400000e-10
  -6.1200000e-10  -6.1200000e-10   2.0400000e-10
  -6.1200000e-10  -6.1200000e-10   6.1200000e-10
  -6.1200000e-10  -6.1200000e-10   1.0200000e-09
  -6.1200000e-10  -2.0400000e-10  -1.0200000e-09
  -6.1200000e-10  -2.0400000e-10  -6.1200000e-10
  -6.1200000e-10  -2.0400000e-10  -2.0400000e-10
  -6.1200000e-10  -2.0400000e-10   2.0400000e-10
  -6.1200000e-10  -2.0400000e-10   6.1200000e-10
  -6.1200000e-10  -2.0400000e-10   1.0200000e-09
  -6.1200000e-10   2.0400000e-10  -1.0200000e-09
  -6.1200000e-10   2.0400000e-10  -6.1200000e-10
  -6.1200000e-10   2.0400000e-10  -2.0400000e-10
  -6.1200000e-10   2.0400000e-10   2.0400000e-10
  -6.1200000e-10   2.0400000e-10   6.1200000e-10
  -6.1200000e-10   2.0400000e-10   1.0200000e-09
  -6.1200000e-10   6.1200000e-10  -1.0200000e-09
  -6.1200000e-10   6.1200000e-10  -6.1200000e-10
  -6.1200000e-10   6.1200000e-10  -2.0400000e-10
  -6.1200000e-10   6.1200000e-10   2.0400000e-10
  -6.1200000e-10   6.1200000e-10   6.1200000e-10
  -6.1200000e-10   6.1200000e-10   1.0200000e-09
  -6.1200000e-10   1.0200000e-09  -6.1200000e-10
  -6.1200000e-10   1.0200000e-09  -2.0400000e-10
  -6.1200000e-10   1.0200000e-09   2.0400000e-10
  -6.1200000e-10   1.0200000e-09   6.1200000e-10
  -2.0400000e-10  -1.0200000e-09  -6.1200000e-10
  -2.0400000e-10  -1.0200000e-09  -2.0400000e-10
  -2.0400000e-10  -1.0200000e-09   2.0400000e-10
  -2.0400000e-10  -1.0200000e-09   6.1200000e-10
  -2.0400000e-10  -6.1200000e-10  -1.0200000e-09
  -2.0400000e-10  -6.1200000e-10  -6.1200000e-10
  -2.0400000e-10  -6.1200000e-10  -2.0400000e-10
  -2.0400000e-10  -6.1200000e-10   2.0400000e-10
  -2.0400000e-10  -6.1200000e-10   6.1200000e-10
  -2.0400000e-10  -6.1200000e-10   1.0200000e-09
  -2.0400000e-10  -2.0400000e-10  -1.0200000e-09
  -2.0400000e-10  -2.0400000e-10  -6.1200000e-10
  -2.0400000e-10  -2.0400000e-10  -2.0400000e-10
  -2.0400000e-10  -2.0400000e-10   2.0400000e-10
  -2.0400000e-10  -2.0400000e-10   6.1200000e-10
  -2.0400000e-10  -2.0400000e-10   1.0200000e-09
  -2.0400000e-10   2.0400000e-10  -1.0200000e-09
  -2.0400000e-10   2.0400000e-10  -6.1200000e-10
  -2.0400000e-10   2.0400000e-10  -2.0400000e-10
  -2.0400000e-10   2.0400000e-10   2.0400000e-10
  -2.0400000e-10   2.0400000e-10   6.1200000e-10
  -2.0400000e-10   2.0400000e-10   1.0200000e-09
  -2.0400000e-10   6.1200000e-10  -1.0200000e-09
  -2.0400000e-10   6.1200000e-10  -6.1200000e-10
  -2.0400000e-10   6.1200000e-10  -2.0400000e-10
  -2.0400000e-10   6.1200000e-10   2.0400000e-10
  -2.0400000e-10   6.1200000e-10   6.1200000e-10
  -2.0400000e-10   6.1200000e-10   1.0200000e-09
  -2.0400000e-10   1.0200000e-09  -6.1200000e-10
  -2.0400000e-10   1.0200000e-09  -2.0400000e-10
  -2.0400000e-10   1.0200000e-09   2.0400000e-10
  -2.0400000e-10   1.0200000e-09   6.1200000e-10
   2.0400000e-10  -1.0200000e-09  -6.1200000e-10
   2.0400000e-10  -1.0200000e-09  -2.0400000e-10
   2.0400000e-10  -1.0200000e-09   2.0400000e-10
   2.0400000e-10  -1.0200000e-09   6.1200000e-10
   2.0400000e-10  -6.1200000e-10  -1.0200000e-09
   2.0400000e-10  -6.1200000e-10  -6.1200000e-10
   2.0400000e-10  -6.1200000e-10  -2.0400000e-10
   2.0400000e-10  -6.1200000e-10   2.0400000e-10
   2.0400000e-10  -6.1200000e-10   6.1200000e-10
   2.0400000e-10  -6.1200000e-10   1.0200000e-09
   2.0400000e-10  -2.0400000e-10  -1.0200000e-09
   2.0400000e-10  -2.0400000e-10  -6.1200000e-10
   2.0400000e-10  -2.0400000e-10  -2.0400000e-10
   2.0400000e-10  -2.0400000e-10   2.0400000e-10
   2.0400000e-10  -2.0400000e-10   6.1200000e-10
   2.0400000e-10  -2.0400000e-10   1.0200000e-09
   2.0400000e-10   2.0400000e-10  -1.0200000e-09
   2.0400000e-10   2.0400000e-10  -6.1200000e-10
   2.0400000e-10   2.0400000e-10  -2.0400000e-10
   2.0400000e-10   2.0400000e-10   2.0400000e-10
   2.0400000e-10   2.0400000e-10   6.1200000e-10
   2.0400000e-10   2.0400000e-10   1.0200000e-09
   2.0400000e-10   6.1200000e-10  -1.0200000e-09
   2.0400000e-10   6.1200000e-10  -6.1200000e-10
   2.0400000e-10   6.1200000e-10  -2.0400000e-10
   2.0400000e-10   6.1200000e-10   2.0400000e-10
   2.0400000e-10   6.1200000e-10   6.1200000e-10
   2.0400000e-10   6.1200000e-10   1.0200000e-09
   2.0400000e-10   1.0200000e-09  -6.1200000e-10
   2.0400000e-10   1.0200000e-09  -2.0400000e-10
   2.0400000e-10   1.0200000e-09   2.0400000e-10
   2.0400000e-10   1.0200000e-09   6.1200000e-10
   6.1200000e-10  -1.0200000e-09  -6.1200000e-10
   6.1200000e-10  -1.0200000e-09  -2.0400000e-10
   6.1200000e-10  -1.0200000e-09   2.0400000e-10
   6.1200000e-10  -1.0200000e-09   6.1200000e-10
   6.1200000e-10  -6.1200000e-10  -1.0200000e-09
   6.1200000e-10  -6.1200000e-10  -6.1200000e-10
   6.1200000e-10  -6.1200000e-10  -2.0400000e-10
   6.1200000e-10  -6.1200000e-10   2.0400000e-10
   6.1200000e-10  -6.1200000e-10   6.1200000e-10
   6.1200000e-10  -6.1200000e-10   1.0200000e-09
   6.1200000e-10  -2.0400000e-10  -1.0200000e-09
   6.1200000e-10  -2.0400000e-10  -6.1200000e-10
   6.1200000e-10  -2.0400000e-10  -2.0400000e-10
   6.1200000e-10  -2.0400000e-10   2.0400000e-10
   6.1200000e-10  -2.0400000e-10   6.1200000e-10
   6.1200000e-10  -2.0400000e-10   1.0200000e-09
   6.1200000e-10   2.0400000e-10  -1.0200000e-09
   6.1200000e-10   2.0400000e-10  -6.1200000e-10
   6.1200000e-10   2.0400000e-10  -2.0400000e-10
   6.1200000e-10   2.0400000e-10   2.0400000e-10
   6.1200000e-10   2.0400000e-10   6.1200000e-10
   6.1200000e-10   2.0400000e-10   1.0200000e-09
   6.1200000e-10   6.1200000e-10  -1.0200000e-09
   6.1200000e-10   6.1200000e-10  -6.1200000e-10
   6.1200000e-10   6.1200000e-10  -2.0400000e-10
   6.1200000e-10   6.1200000e-10   2.0400000e-10
   6.1200000e-10   6.1200000e-10   6.1200000e-10
   6.1200000e-10   6.1200000e-10   1.0200000e-09
   6.1200000e-10   1.0200000e-09  -6.1200000e-10
   6.1200000e-10   1.0200000e-09  -2.0400000e-10
   6.1200000e-10   1.0200000e-09   2.0400000e-10
   6.1200000e-10   1.0200000e-09   6.1200000e-10
   1.0200000e-09  -6.1200000e-10  -6.1200000e-10
   1.0200000e-09  -6.1200000e-10  -2.0400000e-10
   1.0200000e-09  -6.1200000e-10   2.0400000e-10
   1.0200000e-09  -6.1200000e-10   6.1200000e-10
   1.0200000e-09  -2.0400000e-10  -6.1200000e-10
   1.0200000e-09  -2.0400000e-10  -2.0400000e-10
   1.0200000e-09  -2.0400000e-10   2.0400000e-10
   1.0200000e-09  -2.0400000e-10   6.1200000e-10
   1.0200000e-09   2.0400000e-10  -6.1200000e-10
   1.0200000e-09   2.0400000e-10  -2.0400000e-10
   1.0200000e-09   2.0400000e-10   2.0400000e-10
   1.0200000e-09   2.0400000e-10   6.1200000e-10
   1.0200000e-09   6.1200000e-10  -6.1200000e-10
   1.0200000e-09   6.1200000e-10  -2.0400000e-10
   1.0200000e-09   6.1200000e-10   2.0400000e-10
   1.0200000e-09   6.1200000e-10   6.1200000e-10
  -1.4280000e-09   0.0000000e+00   0.0000000e+00
  -1.0200000e-09  -8.1600000e-10  -4.0800000e-10
  -1.0200000e-09  -8.1600000e-10   0.0000000e+00
  -1.0200000e-09  -8.1600000e-10   4.0800000e-10
  -1.0200000e-09  -4.0800000e-10  -8.1600000e-10
  -1.0200000e-09  -4.0800000e-10  -4.0800000e-10
  -1.0200000e-09  -4.0800000e-10   0.0000000e+00
  -1.0200000e-09  -4.0800000e-10   4.0800000e-10
  -1.0200000e-09  -4.0800000e-10   8.1600000e-10
  -1.0200000e-09   0.0000000e+00  -8.1600000e-10
  -1.0200000e-09   0.0000000e+00  -4.0800000e-10
  -1.0200000e-09   0.0000000e+00   0.0000000e+00
  -1.0200000e-09   0.0000000e+00   4.0800000e-10
  -1.0200000e-09   0.0000000e+00   8.1600000e-10
  -1.0200000e-09   4.0800000e-10  -8.1600000e-10
  -1.0200000e-09   4.0800000e-10  -4.0800000e-10
  -1.0200000e-09   4.0800000e-10   0.0000000e+00
  -1.0200000e-09   4.0800000e-10   4.0800000e-10
  -1.0200000e-09   4.0800000e-10   8.1600000e-10
  -1.0200000e-09   8.1600000e-10  -4.0800000e-10
  -1.0200000e-09   8.1600000e-10   0.0000000e+00
  -1.0200000e-09   8.1600000e-10   4.0800000e-10
  -6.1200000e-10  -1.2240000e-09  -4.0800000e-10
  -6.1200000e-10  -1.2240000e-09   0.0000000e+00
  -6.1200000e-10  -1.2240000e-09   4.0800000e-10
  -6.1200000e-10  -8.1600000e-10  -8.1600000e-10
  -6.1200000e-10  -8.1600000e-10  -4.0800000e-10
  -6.1200000e-10  -8.1600000e-10   0.0000000e+00
  -6.1200000e-10  -8.1600000e-10   4.0800000e-10
  -6.1200000e-10  -8.1600000e-10   8.1600000e-10
  -6.1200000e-10  -4.0800000e-10  -1.2240000e-09
  -6.1200000e-10  -4.0800000e-10  -8.1600000e-10
  -6.1200000e-10  -4.0800000e-10  -4.0800000e-10
  -6.1200000e-10  -4.0800000e-10   0.0000000e+00
  -6.1200000e-10  -4.0800000e-10   4.0800000e-10
  -6.1200000e-10  -4.0800000e-10   8.1600000e-10
  -6.1200000e-10  -4.0800000e-10   1.2240000e-09
  -6.1200000e-10   0.0000000e+00  -1.2240000e-09
  -6.1200000e-10   0.0000000e+00  -8.1600000e-10
  -6.1200000e-10   0.0000000e+00  -4.0800000e-10
  -6.1200000e-10   0.0000000e+00   0.0000000e+00
  -6.1200000e-10   0.0000000e+00   4.0800000e-10
  -6.1200000e-10   0.0000000e+00   8.1600000e-10
  -6.1200000e-10   0.0000000e+00   1.2240000e-09
  -6.1200000e-10   4.0800000e-10  -1.2240000e-09
  -6.1200000e-10   4.0800000e-10  -8.1600000e-10
  -6.1200000e-10   4.0800000e-10  -4.0800000e-10
  -6.1200000e-10   4.0800000e-10   0.0000000e+00
  -6.1200000e-10   4.0800000e-10   4.0800000e-10
  -6.1200000e-10   4.0800000e-10   8.1600000e-10
  -6.1200000e-10   4.0800000e-10   1.2240000e-09
  -6.1200000e-10   8.1600000e-10  -8.1600000e-10
  -6.1200000e-10   8.1600000e-10  -4.0800000e-10
  -6.1200000e-10   8.1600000e-10   0.0000000e+00
  -6.1200000e-10   8.1600000e-10   4.0800000e-10
  -6.1200000e-10   8.1600000e-10   8.1600000e-10
  -6.1200000e-10   1.2240000e-09  -4.0800000e-10
  -6.1200000e-10   1.2240000e-09   0.0000000e+00
  -6.1200000e-10   1.2240000e-09   4.0800000e-10
  -2.0400000e-10  -1.2240000e-09  -4.0800000e-10
  -2.0400000e-10  -1.2240000e-09   0.0000000e+00
  -2.0400000e-10  -1.2240000e-09   4.0800000e-10
  -2.0400000e-10  -8.1600000e-10  -8.1600000e-10
  -2.0400000e-10  -8.1600000e-10  -4.0800000e-10
  -2.0400000e-10  -8.1600000e-10   0.0000000e+00
  -2.0400000e-10  -8.1600000e-10   4.0800000e-10
  -2.0400000e-10  -8.1600000e-10   8.1600000e-10
  -2.0400000e-10  -4.0800000e-10  -1.2240000e-09
  -2.0400000e-10  -4.0800000e-10  -8.1600000e-10
  -2.0400000e-10  -4.0800000e-10  -4.0800000e-10
  -2.0400000e-10  -4.0800000e-10   0.0000000e+00
  -2.0400000e-10  -4.0800000e-10   4.0800000e-10
  -2.0400000e-10  -4.0800000e-10   8.1600000e-10
  -2.0400000e-10  -4.0800000e-10   1.2240000e-09
  -2.0400000e-10   0.0000000e+00  -1.2240000e-09
  -2.0400000e-10   0.0000000e+00  -8.1600000e-10
  -2.0400000e-10   0.0000000e+00  -4.0800000e-10
  -2.0400000e-10   0.0000000e+00   0.0000000e+00
  -2.0400000e-10   0.0000000e+00   4.0800000e-10
  -2.0400000e-10   0.0000000e+00   8.1600000e-10
  -2.0400000e-10   0.0000000e+00   1.2240000e-09
  -2.0400000e-10   4.0800000e-10  -1.2240000e-09
  -2.0400000e-10   4.0800000e-10  -8.1600000e-10
  -2.0400000e-10   4.0800000e-10  -4.0800000e-10
  -2.0400000e-10   4.0800000e-10   0.0000000e+00
  -2.0400000e-10   4.0800000e-10   4.0800000e-10
  -2.0400000e-10   4.0800000e-10   8.1600000e-10
  -2.0400000e-10   4.0800000e-10   1.2240000e-09
  -2.0400000e-10   8.1600000e-10  -8.1600000e-10
  -2.0400000e-10   8.1600000e-10  -4.0800000e-10
  -2.0400000e-10   8.1600000e-10   0.0000000e+00
  -2.0400000e-10   8.1600000e-10   4.0800000e-10
  -2.0400000e-10   8.1600000e-10   8.1600000e-10
  -2.0400000e-10   1.2240000e-09  -4.0800000e-10
  -2.0400000e-10   1.2240000e-09   0.0000000e+00
  -2.0400000e-10   1.2240000e-09   4.0800000e-10
   2.0400000e-10  -1.2240000e-09  -4.0800000e-10
   2.0400000e-10  -1.2240000e-09   0.0000000e+00
   2.0400000e-10  -1.2240000e-09   4.0800000e-10
   2.0400000e-10  -8.1600000e-10  -8.1600000e-10
   2.0400000e-10  -8.1600000e-10  -4.0800000e-10
   2.0400000e-10  -8.1600000e-10   0.0000000e+00
   2.0400000e-10  -8.1600000e-10   4.0800000e-10
   2.0400000e-10  -8.1600000e-10   8.1600000e-10
   2.0400000e-10  -4.0800000e-10  -1.2240000e-09
   2.0400000e-10  -4.0800000e-10  -8.1600000e-10
   2.0400000e-10  -4.0800000e-10  -4.0800000e-10
   2.0400000e-10  -4.0800000e-10   0.0000000e+00
   2.0400000e-10  -4.0800000e-10   4.0800000e-10
   2.0400000e-10  -4.0800000e-10   8.1600000e-10
   2.0400000e-10  -4.0800000e-10   1.2240000e-09
   2.0400000e-10   0.0000000e+00  -1.2240000e-09
   2.0400000e-10   0.0000000e+00  -8.1600000e-10
   2.0400000e-10   0.0000000e+00  -4.0800000e-10
   2.0400000e-10   0.0000000e+00   0.0000000e+00
   2.0400000e-10   0.0000000e+00   4.0800000e-10
   2.0400000e-10   0.0000000e+00   8.1600000e-10
   2.0400000e-10   0.0000000e+00   1.2240000e-09
   2.0400000e-10   4.0800000e-10  -1.2240000e-09
   2.0400000e-10   4.0800000e-10  -8.1600000e-10
   2.0400000e-10   4.0800000e-10  -4.0800000e-10
   2.0400000e-10   4.0800000e-10   0.0000000e+00
   2.0400000e-10   4.0800000e-10   4.0800000e-10
   2.0400000e-10   4.0800000e-10   8.1600000e-10
   2.0400000e-10   4.0800000e-10   1.2240000e-09
   2.0400000e-10   8.1600000e-10  -8.1600000e-10
   2.0400000e-10   8.1600000e-10  -4.0800000e-10
   2.0400000e-10   8.1600000e-10   0.0000000e+00
   2.0400000e-10   8.1600000e-10   4.0800000e-10
   2.0400000e-10   8.1600000e-10   8.1600000e-10
   2.0400000e-10   1.2240000e-09  -4.0800000e-10
   2.0400000e-10   1.2240000e-09   0.0000000e+00
   2.0400000e-10   1.2240000e-09   4.0800000e-10
   6.1200000e-10  -1.2240000e-09  -4.0800000e-10
   6.1200000e-10  -1.2240000e-09   0.0000000e+00
   6.1200000e-10  -1.2240000e-09   4.0800000e-10
   6.1200000e-10  -8.1600000e-10  -8.1600000e-10
   6.1200000e-10  -8.1600000e-10  -4.0800000e-10
   6.1200000e-10  -8.1600000e-10   0.0000000e+00
   6.1200000e-10  -8.1600000e-10   4.0800000e-10
   6.1200000e-10  -8.1600000e-10   8.1600000e-10
   6.1200000e-10  -4.0800000e-10  -1.2240000e-09
   6.1200000e-10  -4.0800000e-10  -8.1600000e-10
   6.1200000e-10  -4.0800000e-10  -4.0800000e-10
   6.1200000e-10  -4.0800000e-10   0.0000000e+00
   6.1200000e-10  -4.0800000e-10   4.0800000e-10
   6.1200000e-10  -4.0800000e-10   8.1600000e-10
   6.1200000e-10  -4.0800000e-10   1.2240000e-09
   6.1200000e-10   0.0000000e+00  -1.2240000e-09
   6.1200000e-10   0.0000000e+00  -8.1600000e-10
   6.1200000e-10   0.0000000e+00  -4.0800000e-10
   6.1200000e-10   0.0000000e+00   0.0000000e+00
   6.1200000e-10   0.0000000e+00   4.0800000e-10
   6.1200000e-10   0.0000000e+00   8.1600000e-10
   6.1200000e-10   0.0000000e+00   1.2240000e-09
   6.1200000e-10   4.0800000e-10  -1.2240000e-09
   6.1200000e-10   4.0800000e-10  -8.1600000e-10
   6.1200000e-10   4.0800000e-10  -4.0800000e-10
   6.1200000e-10   4.0800000e-10   0.0000000e+00
   6.1200000e-10   4.0800000e-10   4.0800000e-10
   6.1200000e-10   4.0800000e-10   8.1600000e-10
   6.1200000e-10   4.0800000e-10   1.2240000e-09
   6.1200000e-10   8.1600000e-10  -8.1600000e-10
   6.1200000e-10   8.1600000e-10  -4.0800000e-10
   6.1200000e-10   8.1600000e-10   0.0000000e+00
   6.1200000e-10   8.1600000e-10   4.0800000e-10
   6.1200000e-10   8.1600000e-10   8.1600000e-10
   6.1200000e-10   1.2240000e-09  -4.0800000e-10
   6.1200000e-10   1.2240000e-09   0.0000000e+00
   6.1200000e-10   1.2240000e-09   4.0800000e-10
   1.0200000e-09  -8.1600000e-10  -4.0800000e-10
   1.0200000e-09  -8.1600000e-10   0.0000000e+00
   1.0200000e-09  -8.1600000e-10   4.0800000e-10
   1.0200000e-09  -4.0800000e-10  -8.1600000e-10
   1.0200000e-09  -4.0800000e-10  -4.0800000e-10
   1.0200000e-09  -4.0800000e-10   0.0000000e+00
   1.0200000e-09  -4.0800000e-10   4.0800000e-10
   1.0200000e-09  -4.0800000e-10   8.1600000e-10
   1.0200000e-09   0.0000000e+00  -8.1600000e-10
   1.0200000e-09   0.0000000e+00  -4.0800000e-10
   1.0200000e-09   0.0000000e+00   0.0000000e+00
   1.0200000e-09   0.0000000e+00   4.0800000e-10
   1.0200000e-09   0.0000000e+00   8.1600000e-10
   1.0200000e-09   4.0800000e-10  -8.1600000e-10
   1.0200000e-09   4.0800000e-10  -4.0800000e-10
   1.0200000e-09   4.0800000e-10   0.0000000e+00
   1.0200000e-09   4.0800000e-10   4.0800000e-10
   1.0200000e-09   4.0800000e-10   8.1600000e-10
   1.0200000e-09   8.1600000e-10  -4.0800000e-10
   1.0200000e-09   8.1600000e-10   0.0000000e+00
   1.0200000e-09   8.1600000e-10   4.0800000e-10
   1.4280000e-09   0.0000000e+00   0.0000000e+00
   0.0000000e+00  -1.4280000e-09   0.0000000e+00
  -8.1600000e-10  -1.0200000e-09  -4.0800000e-10
  -8.1600000e-10  -1.0200000e-09   0.0000000e+00
  -8.1600000e-10  -1.0200000e-09   4.0800000e-10
  -4.0800000e-10  -1.0200000e-09  -8.1600000e-10
  -4.0800000e-10  -1.0200000e-09  -4.0800000e-10
  -4.0800000e-10  -1.0200000e-09   0.0000000e+00
  -4.0800000e-10  -1.0200000e-09   4.0800000e-10
  -4.0800000e-10  -1.0200000e-09   8.1600000e-10
   0.0000000e+00  -1.0200000e-09  -8.1600000e-10
   0.0000000e+00  -1.0200000e-09  -4.0800000e-10
   0.0000000e+00  -1.0200000e-09   0.0000000e+00
   0.0000000e+00  -1.0200000e-09   4.0800000e-10
   0.0000000e+00  -1.0200000e-09   8.1600000e-10
   4.0800000e-10  -1.0200000e-09  -8.1600000e-10
   4.0800000e-10  -1.0200000e-09  -4.0800000e-10
   4.0800000e-10  -1.0200000e-09   0.0000000e+00
   4.0800000e-10  -1.0200000e-09   4.0800000e-10
   4.0800000e-10  -1.0200000e-09   8.1600000e-10
   8.1600000e-10  -1.0200000e-09  -4.0800000e-10
   8.1600000e-10  -1.0200000e-09   0.0000000e+00
   8.1600000e-10  -1.0200000e-09   4.0800000e-10
  -1.2240000e-09  -6.1200000e-10  -4.0800000e-10
  -1.2240000e-09  -6.1200000e-10   0.0000000e+00
  -1.2240000e-09  -6.1200000e-10   4.0800000e-10
  -8.1600000e-10  -6.1200000e-10  -8.1600000e-10
  -8.1600000e-10  -6.1200000e-10  -4.0800000e-10
  -8.1600000e-10  -6.1200000e-10   0.0000000e+00
  -8.1600000e-10  -6.1200000e-10   4.0800000e-10
  -8.1600000e-10  -6.1200000e-10   8.1600000e-10
  -4.0800000e-10  -6.1200000e-10  -1.2240000e-09
  -4.0800000e-10  -6.1200000e-10  -8.1600000e-10
  -4.0800000e-10  -6.1200000e-10  -4.0800000e-10
  -4.0800000e-10  -6.1200000e-10   0.0000000e+00
  -4.0800000e-10  -6.1200000e-10   4.0800000e-10
  -4.0800000e-10  -6.1200000e-10   8.1600000e-10
  -4.0800000e-10  -6.1200000e-10   1.2240000e-09
   0.0000000e+00  -6.1200000e-10  -1.2240000e-09
   0.0000000e+00  -6.1200000e-10  -8.1600000e-10
   0.0000000e+00  -6.1200000e-10  -4.0800000e-10
   0.0000000e+00  -6.1200000e-10   0.0000000e+00
   0.0000000e+00  -6.1200000e-10   4.0800000e-10
   0.0000000e+00  -6.1200000e-10   8.1600000e-10
   0.0000000e+00  -6.1200000e-10   1.2240000e-09
   4.0800000e-10  -6.1200000e-10  -1.2240000e-09
   4.0800000e-10  -6.1200000e-10  -8.1600000e-10
   4.0800000e-10  -6.1200000e-10  -4.0800000e-10
   4.0800000e-10  -6.1200000e-10   0.0000000e+00
   4.0800000e-10  -6.1200000e-10   4.0800000e-10
   4.0800000e-10  -6.1200000e-10   8.1600000e-10
   4.0800000e-10  -6.1200000e-10   1.2240000e-09
   8.1600000e-10  -6.1200000e-10  -8.1600000e-10
   8.1600000e-10  -6.1200000e-10  -4.0800000e-10
   8.1600000e-10  -6.1200000e-10   0.0000000e+00
   8.1600000e-10  -6.1200000e-10   4.0800000e-10
   8.1600000e-10  -6.1200000e-10   8.1600000e-10
   1.2240000e-09  -6.1200000e-10  -4.0800000e-10
   1.2240000e-09  -6.1200000e-10   0.0000000e+00
   1.2240000e-09  -6.1200000e-10   4.0800000e-10
  -1.2240000e-09  -2.0400000e-10  -4.0800000e-10
  -1.2240000e-09  -2.0400000e-10   0.0000000e+00
  -1.2240000e-09  -2.0400000e-10   4.0800000e-10
  -8.1600000e-10  -2.0400000e-10  -8.1600000e-10
  -8.1600000e-10  -2.0400000e-10  -4.0800000e-10
  -8.1600000e-10  -2.0400000e-10   0.0000000e+00
  -8.1600000e-10  -2.0400000e-10   4.0800000e-10
  -8.1600000e-10  -2.0400000e-10   8.1600000e-10
  -4.0800000e-10  -2.0400000e-10  -1.2240000e-09
  -4.0800000e-10  -2.0400000e-10  -8.1600000e-10
  -4.0800000e-10  -2.0400000e-10  -4.0800000e-10
  -4.0800000e-10  -2.0400000e-10   0.0000000e+00
  -4.0800000e-10  -2.0400000e-10   4.0800000e-10
  -4.0800000e-10  -2.0400000e-10   8.1600000e-10
  -4.0800000e-10  -2.0400000e-10   1.2240000e-09
   0.0000000e+00  -2.0400000e-10  -1.2240000e-09
   0.0000000e+00  -2.0400000e-10  -8.1600000e-10
   0.0000000e+00  -2.0400000e-10  -4.0800000e-10
   0.0000000e+00  -2.0400000e-10   0.0000000e+00
   0.0000000e+00  -2.0400000e-10   4.0800000e-10
   0.0000000e+00  -2.0400000e-10   8.1600000e-10
   0.0000000e+00  -2.0400000e-10   1.2240000e-09
   4.0800000e-10  -2.0400000e-10  -1.2240000e-09
   4.0800000e-10  -2.0400000e-10  -8.1600000e-10
   4.0800000e-10  -2.0400000e-10  -4.0800000e-10
   4.0800000e-10  -2.0400000e-10   0.0000000e+00
   4.0800000e-10  -2.0400000e-10   4.0800000e-10
   4.0800000e-10  -2.0400000e-10   8.1600000e-10
   4.0800000e-10  -2.0400000e-10   1.2240000e-09
   8.1600000e-10  -2.0400000e-10  -8.1600000e-10
   8.1600000e-10  -2.0400000e-10  -4.0800000e-10
   8.1600000e-10  -2.0400000e-10   0.0000000e+00
   8.1600000e-10  -2.0400000e-10   4.0800000e-10
   8.1600000e-10  -2.0400000e-10   8.1600000e-10
   1.2240000e-09  -2.0400000e-10  -4.0800000e-10
   1.2240000e-09  -2.0400000e-10   0.0000000e+00
   1.2240000e-09  -2.0400000e-10   4.0800000e-10
  -1.2240000e-09   2.0400000e-10  -4.0800000e-10
  -1.2240000e-09   2.0400000e-10   0.0000000e+00
  -1.2240000e-09   2.0400000e-10   4.0800000e-10
  -8.1600000e-10   2.0400000e-10  -8.1600000e-10
  -8.1600000e-10   2.0400000e-10  -4.0800000e-10
  -8.1600000e-10   2.0400000e-10   0.0000000e+00
  -8.1600000e-10   2.0400000e-10   4.0800000e-10
  -8.1600000e-10   2.0400000e-10   8.1600000e-10
  -4.0800000e-10   2.0400000e-10  -1.2240000e-09
  -4.0800000e-10   2.0400000e-10  -8.1600000e-10
  -4.0800000e-10   2.0400000e-10  -4.0800000e-10
  -4.0800000e-10   2.0400000e-10   0.0000000e+00
  -4.0800000e-10   2.0400000e-10   4.0800000e-10
  -4.0800000e-10   2.0400000e-10   8.1600000e-10
  -4.0800000e-10   2.0400000e-10   1.2240000e-09
   0.0000000e+00   2.0400000e-10  -1.2240000e-09
   0.0000000e+00   2.0400000e-10  -8.1600000e-10
   0.0000000e+00   2.0400000e-10  -4.0800000e-10
   0.0000000e+00   2.0400000e-10   0.0000000e+00
   0.0000000e+00   2.0400000e-10   4.0800000e-10
   0.0000000e+00   2.0400000e-10   8.1600000e-10
   0.0000000e+00   2.0400000e-10   1.2240000e-09
   4.0800000e-10   2.0400000e-10  -1.2240000e-09
   4.0800000e-10   2.0400000e-10  -8.1600000e-10
   4.0800000e-10   2.0400000e-10  -4.0800000e-10
   4.0800000e-10   2.0400000e-10   0.0000000e+00
   4.0800000e-10   2.0400000e-10   4.0800000e-10
   4.0800000e-10   2.0400000e-10   8.1600000e-10
   4.0800000e-10   2.0400000e-10   1.2240000e-09
   8.1600000e-10   2.0400000e-10  -8.1600000e-10
   8.1600000e-10   2.0400000e-10  -4.0800000e-10
   8.1600000e-10   2.0400000e-10   0.0000000e+00
   8.1600000e-10   2.0400000e-10   4.0800000e-10
   8.1600000e-10   2.0400000e-10   8.1600000e-10
   1.2240000e-09   2.0400000e-10  -4.0800000e-10
   1.2240000e-09   2.0400000e-10   0.0000000e+00
   1.2240000e-09   2.0400000e-10   4.0800000e-10
  -1.2240000e-09   6.1200000e-10  -4.0800000e-10
  -1.2240000e-09   6.1200000e-10   0.0000000e+00
  -1.2240000e-09   6.1200000e-10   4.0800000e-10
  -8.1600000e-10   6.1200000e-10  -8.1600000e-10
  -8.1600000e-10   6.1200000e-10  -4.0800000e-10
  -8.1600000e-10   6.1200000e-10   0.0000000e+00
  -8.1600000e-10   6.1200000e-10   4.0800000e-10
  -8.1600000e-10   6.1200000e-10   8.1600000e-10
  -4.0800000e-10   6.1200000e-10  -1.2240000e-09
  -4.0800000e-10   6.1200000e-10  -8.1600000e-10
  -4.0800000e-10   6.1200000e-10  -4.0800000e-10
  -4.0800000e-10   6.1200000e-10   0.0000000e+00
  -4.0800000e-10   6.1200000e-10   4.0800000e-10
  -4.0800000e-10   6.1200000e-10   8.1600000e-10
  -4.0800000e-10   6.1200000e-10   1.2240000e-09
   0.0000000e+00   6.1200000e-10  -1.2240000e-09
   0.0000000e+00   6.1200000e-10  -8.1600000e-10
   0.0000000e+00   6.1200000e-10  -4.0800000e-10
   0.0000000e+00   6.1200000e-10   0.0000000e+00
   0.0000000e+00   6.1200000e-10   4.0800000e-10
   0.0000000e+00   6.1200000e-10   8.1600000e-10
   0.0000000e+00   6.1200000e-10   1.2240000e-09
   4.0800000e-10   6.1200000e-10  -1.2240000e-09
   4.0800000e-10   6.1200000e-10  -8.1600000e-10
   4.0800000e-10   6.1200000e-10  -4.0800000e-10
   4.0800000e-10   6.1200000e-10   0.0000000e+00
   4.0800000e-10   6.1200000e-10   4.0800000e-10
   4.0800000e-10   6.1200000e-10   8.1600000e-10
   4.0800000e-10   6.1200000e-10   1.2240000e-09
   8.1600000e-10   6.1200000e-10  -8.1600000e-10
   8.1600000e-10   6.1200000e-10  -4.0800000e-10
   8.1600000e-10   6.1200000e-10   0.0000000e+00
   8.1600000e-10   6.1200000e-10   4.0800000e-10
   8.1600000e-10   6.1200000e-10   8.1600000e-10
   1.2240000e-09   6.1200000e-10  -4.0800000e-10
   1.2240000e-09   6.1200000e-10   0.0000000e+00
   1.2240000e-09   6.1200000e-10   4.0800000e-10
  -8.1600000e-10   1.0200000e-09  -4.0800000e-10
  -8.1600000e-10   1.0200000e-09   0.0000000e+00
  -8.1600000e-10   1.0200000e-09   4.0800000e-10
  -4.0800000e-10   1.0200000e-09  -8.1600000e-10
  -4.0800000e-10   1.0200000e-09  -4.0800000e-10
  -4.0800000e-10   1.0200000e-09   0.0000000e+00
  -4.0800000e-10   1.0200000e-09   4.0800000e-10
  -4.0800000e-10   1.0200000e-09   8.1600000e-10
   0.0000000e+00   1.0200000e-09  -8.1600000e-10
   0.0000000e+00   1.0200000e-09  -4.0800000e-10
   0.0000000e+00   1.0200000e-09   0.0000000e+00
   0.0000000e+00   1.0200000e-09   4.0800000e-10
   0.0000000e+00   1.0200000e-09   8.1600000e-10
   4.0800000e-10   1.0200000e-09  -8.1600000e-10
   4.0800000e-10   1.0200000e-09  -4.0800000e-10
   4.0800000e-10   1.0200000e-09   0.0000000e+00
   4.0800000e-10   1.0200000e-09   4.0800000e-10
   4.0800000e-10   1.0200000e-09   8.1600000e-10
   8.1600000e-10   1.0200000e-09  -4.0800000e-10
   8.1600000e-10   1.0200000e-09   0.0000000e+00
   8.1600000e-10   1.0200000e-09   4.0800000e-10
   0.0000000e+00   1.4280000e-09   0.0000000e+00
   0.0000000e+00   0.0000000e+00  -1.4280000e-09
  -8.1600000e-10  -4.0800000e-10  -1.0200000e-09
  -8.1600000e-10   0.0000000e+00  -1.0200000e-09
  -8.1600000e-10   4.0800000e-10  -1.0200000e-09
  -4.0800000e-10  -8.1600000e-10  -1.0200000e-09
  -4.0800000e-10  -4.0800000e-10  -1.0200000e-09
  -4.0800000e-10   0.0000000e+00  -1.0200000e-09
  -4.0800000e-10   4.0800000e-10  -1.0200000e-09
  -4.0800000e-10   8.1600000e-10  -1.0200000e-09
   0.0000000e+00  -8.1600000e-10  -1.0200000e-09
   0.0000000e+00  -4.0800000e-10  -1.0200000e-09
   0.0000000e+00   0.0000000e+00  -1.0200000e-09
   0.0000000e+00   4.0800000e-10  -1.0200000e-09
   0.0000000e+00   8.1600000e-10  -1.0200000e-09
   4.0800000e-10  -8.1600000e-10  -1.0200000e-09
   4.0800000e-10  -4.0800000e-10  -1.0200000e-09
   4.0800000e-10   0.0000000e+00  -1.0200000e-09
   4.0800000e-10   4.0800000e-10  -1.0200000e-09
   4.0800000e-10   8.1600000e-10  -1.0200000e-09
   8.1600000e-10  -4.0800000e-10  -1.0200000e-09
   8.1600000e-10   0.0000000e+00  -1.0200000e-09
   8.1600000e-10   4.0800000e-10  -1.0200000e-09
  -1.2240000e-09  -4.0800000e-10  -6.1200000e-10
  -1.2240000e-09   0.0000000e+00  -6.1200000e-10
  -1.2240000e-09   4.0800000e-10  -6.1200000e-10
  -8.1600000e-10  -8.1600000e-10  -6.1200000e-10
  -8.1600000e-10  -4.0800000e-10  -6.1200000e-10
  -8.1600000e-10   0.0000000e+00  -6.1200000e-10
  -8.1600000e-10   4.0800000e-10  -6.1200000e-10
  -8.1600000e-10   8.1600000e-10  -6.1200000e-10
  -4.0800000e-10  -1.2240000e-09  -6.1200000e-10
  -4.0800000e-10  -8.1600000e-10  -6.1200000e-10
  -4.0800000e-10  -4.0800000e-10  -6.1200000e-10
  -4.0800000e-10   0.0000000e+00  -6.1200000e-10
  -4.0800000e-10   4.0800000e-10  -6.1200000e-10
  -4.0800000e-10   8.1600000e-10  -6.1200000e-10
  -4.0800000e-10   1.2240000e-09  -6.1200000e-10
   0.0000000e+00  -1.2240000e-09  -6.1200000e-10
   0.0000000e+00  -8.1600000e-10  -6.1200000e-10
   0.0000000e+00  -4.0800000e-10  -6.1200000e-10
   0.0000000e+00   0.0000000e+00  -6.1200000e-10
   0.0000000e+00   4.0800000e-10  -6.1200000e-10
   0.0000000e+00   8.1600000e-10  -6.1200000e-10
   0.0000000e+00   1.2240000e-09  -6.1200000e-10
   4.0800000e-10  -1.2240000e-09  -6.1200000e-10
   4.0800000e-10  -8.1600000e-10  -6.1200000e-10
   4.0800000e-10  -4.0800000e-10  -6.1200000e-10
   4.0800000e-10   0.0000000e+00  -6.1200000e-10
   4.0800000e-10   4.0800000e-10  -6.1200000e-10
   4.0800000e-10   8.1600000e-10  -6.1200000e-10
   4.0800000e-10   1.2240000e-09  -6.1200000e-10
   8.1600000e-10  -8.1600000e-10  -6.1200000e-10
   8.1600000e-10  -4.0800000e-10  -6.1200000e-10
   8.1600000e-10   0.0000000e+00  -6.1200000e-10
   8.1600000e-10   4.0800000e-10  -6.1200000e-10
   8.1600000e-10   8.1600000e-10  -6.1200000e-10
   1.2240000e-09  -4.0800000e-10  -6.1200000e-10
   1.2240000e-09   0.0000000e+00  -6.1200000e-10
   1.2240000e-09   4.0800000e-10  -6.1200000e-10
  -1.2240000e-09  -4.0800000e-10  -2.0400000e-10
  -1.2240000e-09   0.0000000e+00  -2.0400000e-10
  -1.2240000e-09   4.0800000e-10  -2.0400000e-10
  -8.1600000e-10  -8.1600000e-10  -2.0400000e-10
  -8.1600000e-10  -4.0800000e-10  -2.0400000e-10
  -8.1600000e-10   0.0000000e+00  -2.0400000e-10
  -8.1600000e-10   4.0800000e-10  -2.0400000e-10
  -8.1600000e-10   8.1600000e-10  -2.0400000e-10
  -4.0800000e-10  -1.2240000e-09  -2.0400000e-10
  -4.0800000e-10  -8.1600000e-10  -2.0400000e-10
  -4.0800000e-10  -4.0800000e-10  -2.0400000e-10
  -4.0800000e-10   0.0000000e+00  -2.0400000e-10
  -4.0800000e-10   4.0800000e-10  -2.0400000e-10
  -4.0800000e-10   8.1600000e-10  -2.0400000e-10
  -4.0800000e-10   1.2240000e-09  -2.0400000e-10
   0.0000000e+00  -1.2240000e-09  -2.0400000e-10
   0.0000000e+00  -8.1600000e-10  -2.0400000e-10
   0.0000000e+00  -4.0800000e-10  -2.0400000e-10
   0.0000000e+00   0.0000000e+00  -2.0400000e-10
   0.0000000e+00   4.0800000e-10  -2.0400000e-10
   0.0000000e+00   8.1600000e-10  -2.0400000e-10
   0.0000000e+00   1.2240000e-09  -2.0400000e-10
   4.0800000e-10  -1.2240000e-09  -2.0400000e-10
   4.0800000e-10  -8.1600000e-10  -2.0400000e-10
   4.0800000e-10  -4.0800000e-10  -2.0400000e-10
   4.0800000e-10   0.0000000e+00  -2.0400000e-10
   4.0800000e-10   4.0800000e-10  -2.0400000e-10
   4.0800000e-10   8.1600000e-10  -2.0400000e-10
   4.0800000e-10   1.2240000e-09  -2.0400000e-10
   8.1600000e-10  -8.1600000e-10  -2.0400000e-10
   8.1600000e-10  -4.0800000e-10  -2.0400000e-10
   8.1600000e-10   0.0000000e+00  -2.0400000e-10
   8.1600000e-10   4.0800000e-10  -2.0400000e-10
   8.1600000e-10   8.1600000e-10  -2.0400000e-10
   1.2240000e-09  -4.0800000e-10  -2.0400000e-10
   1.2240000e-09   0.0000000e+00  -2.0400000e-10
   1.2240000e-09   4.0800000e-10  -2.0400000e-10
  -1.2240000e-09  -4.0800000e-10   2.0400000e-10
  -1.2240000e-09   0.0000000e+00   2.0400000e-10
  -1.2240000e-09   4.0800000e-10   2.0400000e-10
  -8.1600000e-10  -8.1600000e-10   2.0400000e-10
  -8.1600000e-10  -4.0800000e-10   2.0400000e-10
  -8.1600000e-10   0.0000000e+00   2.0400000e-10
  -8.1600000e-10   4.0800000e-10   2.0400000e-10
  -8.1600000e-10   8.1600000e-10   2.0400000e-10
  -4.0800000e-10  -1.2240000e-09   2.0400000e-10
  -4.0800000e-10  -8.1600000e-10   2.0400000e-10
  -4.0800000e-10  -4.0800000e-10   2.0400000e-10
  -4.0800000e-10   0.0000000e+00   2.0400000e-10
  -4.0800000e-10   4.0800000e-10   2.0400000e-10
  -4.0800000e-10   8.1600000e-10   2.0400000e-10
  -4.0800000e-10   1.2240000e-09   2.0400000e-10
   0.0000000e+00  -1.2240000e-09   2.0400000e-10
   0.0000000e+00  -8.1600000e-10   2.0400000e-10
   0.0000000e+00  -4.0800000e-10   2.0400000e-10
   0.0000000e+00   0.0000000e+00   2.0400000e-10
   0.0000000e+00   4.0800000e-10   2.0400000e-10
   0.0000000e+00   8.1600000e-10   2.0400000e-10
   0.0000000e+00   1.2240000e-09   2.0400000e-10
   4.0800000e-10  -1.2240000e-09   2.0400000e-10
   4.0800000e-10  -8.1600000e-10   2.0400000e-10
   4.0800000e-10  -4.0800000e-10   2.0400000e-10
   4.0800000e-10   0.0000000e+00   2.0400000e-10
   4.0800000e-10   4.0800000e-10   2.0400000e-10
   4.0800000e-10   8.1600000e-10   2.0400000e-10
   4.0800000e-10   1.2240000e-09   2.0400000e-10
   8.1600000e-10  -8.1600000e-10   2.0400000e-10
   8.1600000e-10  -4.0800000e-10   2.0400000e-10
   8.1600000e-10   0.0000000e+00   2.0400000e-10
   8.1600000e-10   4.0800000e-10   2.0400000e-10
   8.1600000e-10   8.1600000e-10   2.0400000e-10
   1.2240000e-09  -4.0800000e-10   2.0400000e-10
   1.2240000e-09   0.0000000e+00   2.0400000e-10
   1.2240000e-09   4.0800000e-10   2.0400000e-10
  -1.2240000e-09  -4.0800000e-10   6.1200000e-10
  -1.2240000e-09   0.0000000e+00   6.1200000e-10
  -1.2240000e-09   4.0800000e-10   6.1200000e-10
  -8.1600000e-10  -8.1600000e-10   6.1200000e-10
  -8.1600000e-10  -4.0800000e-10   6.1200000e-10
  -8.1600000e-10   0.0000000e+00   6.1200000e-10
  -8.1600000e-10   4.0800000e-10   6.1200000e-10
  -8.1600000e-10   8.1600000e-10   6.1200000e-10
  -4.0800000e-10  -1.2240000e-09   6.1200000e-10
  -4.0800000e-10  -8.1600000e-10   6.1200000e-10
  -4.0800000e-10  -4.0800000e-10   6.1200000e-10
  -4.0800000e-10   0.0000000e+00   6.1200000e-10
  -4.0800000e-10   4.0800000e-10   6.1200000e-10
  -4.0800000e-10   8.1600000e-10   6.1200000e-10
  -4.0800000e-10   1.2240000e-09   6.1200000e-10
   0.0000000e+00  -1.2240000e-09   6.1200000e-10
   0.0000000e+00  -8.1600000e-10   6.1200000e-10
   0.0000000e+00  -4.0800000e-10   6.1200000e-10
   0.0000000e+00   0.0000000e+00   6.1200000e-10
   0.0000000e+00   4.0800000e-10   6.1200000e-10
   0.0000000e+00   8.1600000e-10   6.1200000e-10
   0.0000000e+00   1.2240000e-09   6.1200000e-10
   4.0800000e-10  -1.2240000e-09   6.1200000e-10
   4.0800000e-10  -8.1600000e-10   6.1200000e-10
   4.0800000e-10  -4.0800000e-10   6.1200000e-10
   4.0800000e-10   0.0000000e+00   6.1200000e-10
   4.0800000e-10   4.0800000e-10   6.1200000e-10
   4.0800000e-10   8.1600000e-10   6.1200000e-10
   4.0800000e-10   1.2240000e-09   6.1200000e-10
   8.1600000e-10  -8.1600000e-10   6.1200000e-10
   8.1600000e-10  -4.0800000e-10   6.1200000e-10
   8.1600000e-10   0.0000000e+00   6.1200000e-10
   8.1600000e-10   4.0800000e-10   6.1200000e-10
   8.1600000e-10   8.1600000e-10   6.1200000e-10
   1.2240000e-09  -4.0800000e-10   6.1200000e-10
   1.2240000e-09   0.0000000e+00   6.1200000e-10
   1.2240000e-09   4.0800000e-10   6.1200000e-10
  -8.1600000e-10  -4.0800000e-10   1.0200000e-09
  -8.1600000e-10   0.0000000e+00   1.0200000e-09
  -8.1600000e-10   4.0800000e-10   1.0200000e-09
  -4.0800000e-10  -8.1600000e-10   1.0200000e-09
  -4.0800000e-10  -4.0800000e-10   1.0200000e-09
  -4.0800000e-10   0.0000000e+00   1.0200000e-09
  -4.0800000e-10   4.0800000e-10   1.0200000e-09
  -4.0800000e-10   8.1600000e-10   1.0200000e-09
   0.0000000e+00  -8.1600000e-10   1.0200000e-09
   0.0000000e+00  -4.0800000e-10   1.0200000e-09
   0.0000000e+00   0.0000000e+00   1.0200000e-09
   0.0000000e+00   4.0800000e-10   1.0200000e-09
   0.0000000e+00   8.1600000e-10   1.0200000e-09
   4.0800000e-10  -8.1600000e-10   1.0200000e-09
   4.0800000e-10  -4.0800000e-10   1.0200000e-09
   4.0800000e-10   0.0000000e+00   1.0200000e-09
   4.0800000e-10   4.0800000e-10   1.0200000e-09
   4.0800000e-10   8.1600000e-10   1.0200000e-09
   8.1600000e-10  -4.0800000e-10   1.0200000e-09
   8.1600000e-10   0.0000000e+00   1.0200000e-09
   8.1600000e-10   4.0800000e-10   1.0200000e-09
   0.0000000e+00   0.0000000e+00   1.4280000e-09
